./aligned_img\Brian\0_226_1675057777.1208827.png 207 247 329 405
./aligned_img\Brian\0_240_1675667300.9215705.png 200 137 335 309
./aligned_img\Brian\100_218_1675057780.6138341.png 224 243 362 426
./aligned_img\Brian\100_221_1675667304.3268614.png 125 131 276 315
./aligned_img\Brian\10_208_1675057777.6250083.png 214 254 352 435
./aligned_img\Brian\10_252_1675667301.3311534.png 195 121 342 307
./aligned_img\Brian\110_207_1675057780.947917.png 254 246 388 430
./aligned_img\Brian\110_216_1675667304.669665.png 134 134 283 323
./aligned_img\Brian\120_206_1675057781.2838182.png 285 264 410 440
./aligned_img\Brian\120_212_1675667304.995098.png 203 140 343 318
./aligned_img\Brian\130_208_1675057781.6547384.png 246 253 384 428
./aligned_img\Brian\130_209_1675667305.3293266.png 282 140 417 315
./aligned_img\Brian\140_208_1675057781.9715343.png 183 261 311 429
./aligned_img\Brian\140_214_1675667305.6492531.png 376 151 514 313
./aligned_img\Brian\150_214_1675057782.279652.png 160 255 278 426
./aligned_img\Brian\150_216_1675667305.984286.png 440 156 581 326
./aligned_img\Brian\160_213_1675057782.6114247.png 172 259 291 422
./aligned_img\Brian\160_214_1675667306.3258631.png 425 204 565 373
./aligned_img\Brian\170_212_1675057782.948707.png 204 244 335 409
./aligned_img\Brian\170_226_1675667306.657233.png 365 263 501 431
./aligned_img\Brian\180_218_1675057783.2887197.png 227 242 365 413
./aligned_img\Brian\180_239_1675667306.9943922.png 313 294 443 455
./aligned_img\Brian\190_214_1675057783.633983.png 230 235 361 398
./aligned_img\Brian\190_217_1675667307.3480983.png 283 272 409 426
./aligned_img\Brian\200_216_1675667307.6518233.png 209 229 337 386
./aligned_img\Brian\200_227_1675057783.9700053.png 237 222 350 345
./aligned_img\Brian\20_237_1675667301.6664796.png 196 121 346 314
./aligned_img\Brian\210_228_1675667307.9841595.png 145 210 267 355
./aligned_img\Brian\210_231_1675057784.2798283.png 237 224 354 342
./aligned_img\Brian\220_213_1675057784.6153924.png 223 245 355 410
./aligned_img\Brian\220_244_1675667308.3208354.png 169 135 268 251
./aligned_img\Brian\230_209_1675057784.9568877.png 228 319 364 481
./aligned_img\Brian\230_259_1675667308.6642997.png 181 102 279 208
./aligned_img\Brian\240_206_1675057785.3006134.png 220 339 356 494
./aligned_img\Brian\240_235_1675667309.0109012.png 255 100 365 224
./aligned_img\Brian\250_210_1675057785.6358335.png 226 275 361 445
./aligned_img\Brian\250_245_1675667309.3456316.png 310 108 418 254
./aligned_img\Brian\260_216_1675057785.9727268.png 224 242 361 411
./aligned_img\Brian\260_244_1675667309.6489954.png 250 106 373 254
./aligned_img\Brian\270_219_1675057786.2786973.png 222 240 357 406
./aligned_img\Brian\270_236_1675667309.9864676.png 194 123 294 276
./aligned_img\Brian\280_241_1675667310.337036.png 187 126 280 279
./aligned_img\Brian\290_240_1675667310.678781.png 199 89 306 240
./aligned_img\Brian\300_268_1675667311.010051.png 244 83 342 182
./aligned_img\Brian\30_233_1675667302.0009573.png 194 124 346 315
./aligned_img\Brian\310_272_1675667311.34581.png 253 87 348 188
./aligned_img\Brian\320_246_1675667311.6479192.png 240 142 350 277
./aligned_img\Brian\330_226_1675667312.0045576.png 135 232 312 485
./aligned_img\Brian\340_225_1675667312.3375926.png
./aligned_img\Brian\350_234_1675667312.6729503.png 212 141 337 303
./aligned_img\Brian\360_246_1675667313.0105543.png 206 92 337 253
./aligned_img\Brian\370_254_1675667313.332253.png 218 93 334 224
./aligned_img\Brian\380_243_1675667313.6642957.png 247 94 369 246
./aligned_img\Brian\390_242_1675667314.0087996.png 277 116 400 274
./aligned_img\Brian\400_245_1675667314.3373601.png 247 110 375 271
./aligned_img\Brian\40_202_1675057778.6148016.png 222 242 359 427
./aligned_img\Brian\40_240_1675667302.3373358.png 205 130 352 316
./aligned_img\Brian\410_231_1675667314.6729796.png 195 135 302 289
./aligned_img\Brian\420_242_1675667314.9940183.png 173 135 269 295
./aligned_img\Brian\430_239_1675667315.3301318.png 198 137 330 288
./aligned_img\Brian\440_241_1675667315.6651752.png 254 148 381 310
./aligned_img\Brian\450_253_1675667316.0009234.png 262 152 391 317
./aligned_img\Brian\460_229_1675667316.3375573.png 261 155 394 326
./aligned_img\Brian\470_236_1675667316.6579828.png 259 216 394 382
./aligned_img\Brian\480_231_1675667316.9932554.png 234 215 378 396
./aligned_img\Brian\490_229_1675667317.3300211.png 241 156 370 320
./aligned_img\Brian\50_202_1675057778.9462414.png 224 242 361 419
./aligned_img\Brian\50_240_1675667302.6579602.png 210 129 355 315
./aligned_img\Brian\60_201_1675057779.291351.png 222 243 357 423
./aligned_img\Brian\60_242_1675667302.9959943.png 211 129 357 313
./aligned_img\Brian\70_211_1675057779.6214645.png 224 243 360 422
./aligned_img\Brian\70_242_1675667303.3325067.png 214 130 360 317
./aligned_img\Brian\80_207_1675057779.9579709.png 222 240 362 422
./aligned_img\Brian\80_245_1675667303.6655319.png 206 125 354 319
./aligned_img\Brian\90_213_1675057780.275739.png 232 246 367 424
./aligned_img\Brian\90_216_1675667303.9882185.png 181 123 330 322
./aligned_img\Ron\0_108_1676271315.3729482.png 318 203 406 315
./aligned_img\Ron\0_229_1675248127.7658162.png 331 229 496 446
./aligned_img\Ron\0_271_1675058073.3940256.png 295 254 431 436
./aligned_img\Ron\0_276_1675667347.927983.png 274 203 437 418
./aligned_img\Ron\1.png 143 98 300 311
./aligned_img\Ron\100_148_1676271318.9723253.png 354 192 433 312
./aligned_img\Ron\100_261_1675667351.2528005.png 302 198 428 368
./aligned_img\Ron\100_281_1675058076.7717848.png 296 250 414 405
./aligned_img\Ron\10_113_1676271315.8567193.png 317 216 402 328
./aligned_img\Ron\10_226_1675248128.2152019.png 327 217 497 450
./aligned_img\Ron\10_282_1675058073.8144572.png 309 246 445 438
./aligned_img\Ron\10_298_1675667348.3385627.png 279 206 440 417
./aligned_img\Ron\110_126_1676271319.344178.png 348 188 438 317
./aligned_img\Ron\110_268_1675667351.587981.png 292 193 426 367
./aligned_img\Ron\110_285_1675058077.1064763.png 291 242 413 410
./aligned_img\Ron\120_271_1675667351.921052.png 290 194 425 370
./aligned_img\Ron\120_286_1675058077.4456341.png 289 246 407 403
./aligned_img\Ron\120_99_1676271319.6827667.png 348 185 450 324
./aligned_img\Ron\130_272_1675667352.2430165.png 296 194 430 374
./aligned_img\Ron\130_292_1675058077.7790701.png 289 245 408 406
./aligned_img\Ron\130_79_1676271320.101619.png 330 184 447 340
./aligned_img\Ron\140_268_1675667352.57686.png 296 193 434 372
./aligned_img\Ron\140_285_1675058078.100077.png 296 244 414 404
./aligned_img\Ron\140_83_1676271320.4410748.png 303 185 424 348
./aligned_img\Ron\150_258_1675667352.914189.png 300 189 443 376
./aligned_img\Ron\150_277_1675058078.4368694.png 304 244 427 408
./aligned_img\Ron\150_82_1676271320.793586.png 290 192 411 353
./aligned_img\Ron\160_253_1675667353.2502494.png 315 189 457 376
./aligned_img\Ron\160_278_1675058078.7704341.png 317 247 435 395
./aligned_img\Ron\160_89_1676271321.2166102.png 283 188 401 338
./aligned_img\Ron\170_100_1676271321.618453.png 287 184 410 344
./aligned_img\Ron\170_257_1675667353.570209.png 320 189 462 376
./aligned_img\Ron\170_278_1675058079.1067123.png 323 242 442 404
./aligned_img\Ron\180_110_1676271322.0281138.png 288 179 411 344
./aligned_img\Ron\180_257_1675667353.9048226.png 321 194 462 379
./aligned_img\Ron\180_279_1675058079.4448504.png 335 241 457 412
./aligned_img\Ron\190_117_1676271322.354211.png 288 181 411 343
./aligned_img\Ron\190_261_1675667354.2415774.png 321 190 464 379
./aligned_img\Ron\190_283_1675058079.793876.png 349 246 458 407
./aligned_img\Ron\200_125_1676271322.6805484.png 292 180 414 345
./aligned_img\Ron\200_265_1675667354.5777194.png 322 189 465 381
./aligned_img\Ron\200_282_1675058080.0992222.png 343 245 452 408
./aligned_img\Ron\20_109_1676271316.1970668.png 317 217 402 327
./aligned_img\Ron\20_213_1675248128.5298893.png 330 222 495 451
./aligned_img\Ron\20_272_1675058074.1408763.png 308 253 441 431
./aligned_img\Ron\20_273_1675667348.616715.png 286 206 447 415
./aligned_img\Ron\210_131_1676271323.0592644.png 297 179 419 349
./aligned_img\Ron\210_264_1675667354.913332.png 331 193 469 378
./aligned_img\Ron\210_283_1675058080.4451096.png 336 242 460 415
./aligned_img\Ron\220_127_1676271323.4189079.png 298 179 421 344
./aligned_img\Ron\220_260_1675667355.2607083.png 343 199 482 379
./aligned_img\Ron\220_275_1675058080.7823691.png 325 238 451 412
./aligned_img\Ron\230_107_1676271323.8968284.png 308 184 427 341
./aligned_img\Ron\230_252_1675667355.602308.png 359 199 490 380
./aligned_img\Ron\230_279_1675058081.1220534.png 316 245 434 406
./aligned_img\Ron\240_207_1675248135.8497803.png 331 194 474 412
./aligned_img\Ron\240_253_1675667355.9054177.png 380 204 499 383
./aligned_img\Ron\240_290_1675058081.4630406.png 305 244 424 409
./aligned_img\Ron\240_88_1676271324.2838876.png 303 181 424 342
./aligned_img\Ron\250_208_1675248136.2139325.png 355 194 498 406
./aligned_img\Ron\250_252_1675667356.243105.png 345 258 412 340
./aligned_img\Ron\250_288_1675058081.7940562.png 304 244 422 406
./aligned_img\Ron\250_84_1676271324.684681.png 303 180 424 340
./aligned_img\Ron\260_250_1675667356.5784075.png 390 209 507 390
./aligned_img\Ron\260_259_1675248136.6662083.png 388 214 526 411
./aligned_img\Ron\260_288_1675058082.09856.png 301 241 422 396
./aligned_img\Ron\260_83_1676271325.0741916.png 311 181 428 339
./aligned_img\Ron\270_245_1675667356.9355721.png 403 199 517 396
./aligned_img\Ron\270_253_1675248137.0727162.png 388 210 526 409
./aligned_img\Ron\270_294_1675058082.4452713.png 298 244 416 386
./aligned_img\Ron\270_93_1676271325.496718.png 320 175 428 316
./aligned_img\Ron\280_124_1676271325.8221197.png 316 180 414 301
./aligned_img\Ron\280_203_1675248137.4206545.png 374 183 523 395
./aligned_img\Ron\280_243_1675667357.2664676.png 397 205 515 386
./aligned_img\Ron\280_302_1675058082.7864635.png 309 251 414 368
./aligned_img\Ron\290_133_1676271326.1337454.png 294 194 378 313
./aligned_img\Ron\290_241_1675667357.6016843.png 400 210 515 388
./aligned_img\Ron\290_307_1675058083.1235597.png 309 251 402 360
./aligned_img\Ron\300_127_1676271326.4760008.png 298 208 380 327
./aligned_img\Ron\300_219_1675248138.0422223.png 343 182 511 398
./aligned_img\Ron\300_249_1675667357.9063704.png 387 201 506 390
./aligned_img\Ron\300_308_1675058083.4589758.png 305 248 406 363
./aligned_img\Ron\30_112_1676271316.5365279.png 317 204 401 313
./aligned_img\Ron\30_209_1675248128.8563542.png 343 229 498 441
./aligned_img\Ron\30_249_1675667348.9139202.png 313 192 457 389
./aligned_img\Ron\30_270_1675058074.479124.png 315 246 448 428
./aligned_img\Ron\310_122_1676271326.815714.png 309 210 392 328
./aligned_img\Ron\310_230_1675248138.3837342.png 346 195 511 399
./aligned_img\Ron\310_250_1675667358.2443948.png 361 198 499 388
./aligned_img\Ron\310_296_1675058083.8140316.png 299 245 417 388
./aligned_img\Ron\320_113_1676271327.1699114.png 334 198 431 320
./aligned_img\Ron\320_251_1675667358.593463.png 340 194 477 383
./aligned_img\Ron\320_288_1675058084.1048622.png 295 237 416 386
./aligned_img\Ron\330_114_1676271327.515867.png 338 191 438 319
./aligned_img\Ron\330_255_1675248139.0926867.png 349 158 521 395
./aligned_img\Ron\330_263_1675667358.9284663.png 327 196 470 391
./aligned_img\Ron\330_282_1675058084.4501834.png 301 242 426 411
./aligned_img\Ron\340_113_1676271327.8545837.png 337 185 432 312
./aligned_img\Ron\340_264_1675667359.2647614.png 323 195 470 392
./aligned_img\Ron\340_278_1675058084.786412.png 301 242 432 422
./aligned_img\Ron\350_124_1676271328.1964784.png 340 186 413 276
./aligned_img\Ron\350_264_1675667359.6028008.png 321 195 468 390
./aligned_img\Ron\350_278_1675058085.1219327.png 300 250 428 421
./aligned_img\Ron\360_131_1676271328.5365858.png 337 192 417 279
./aligned_img\Ron\360_263_1675667359.9172661.png 320 206 468 402
./aligned_img\Ron\360_284_1675058085.4612122.png 302 247 427 422
./aligned_img\Ron\370_126_1676271328.9606404.png 335 195 411 283
./aligned_img\Ron\370_269_1675667360.258659.png 329 198 471 388
./aligned_img\Ron\370_284_1675058085.77726.png 301 254 429 429
./aligned_img\Ron\380_122_1676271329.3142395.png 323 193 415 308
./aligned_img\Ron\380_264_1675667360.594528.png 324 195 459 370
./aligned_img\Ron\380_267_1675058086.1163695.png 304 273 431 442
./aligned_img\Ron\390_116_1676271329.6773977.png 326 191 422 318
./aligned_img\Ron\390_267_1675058086.4537406.png 296 285 433 458
./aligned_img\Ron\390_274_1675667360.928199.png 322 196 451 345
./aligned_img\Ron\400_119_1676271330.0187387.png 331 230 432 351
./aligned_img\Ron\400_265_1675058086.7910733.png 313 311 438 463
./aligned_img\Ron\400_282_1675667361.266475.png 331 210 441 323
./aligned_img\Ron\40_114_1676271316.8497543.png 318 200 404 310
./aligned_img\Ron\40_263_1675667349.250225.png 326 189 466 380
./aligned_img\Ron\40_267_1675058074.7815738.png 312 251 444 427
./aligned_img\Ron\410_120_1676271330.3482366.png 333 238 433 361
./aligned_img\Ron\410_256_1675058087.1225057.png 312 294 445 466
./aligned_img\Ron\410_280_1675667361.5863638.png 609 361 630 392
./aligned_img\Ron\420_116_1676271330.6924953.png 329 182 426 311
./aligned_img\Ron\420_268_1675058087.4434628.png 313 250 443 432
./aligned_img\Ron\420_276_1675667361.9223478.png 607 360 631 392
./aligned_img\Ron\430_122_1676271331.009651.png 325 176 421 298
./aligned_img\Ron\430_275_1675667362.2585309.png 611 361 630 390
./aligned_img\Ron\430_283_1675058087.7832808.png 315 244 439 411
./aligned_img\Ron\440_110_1676271331.353389.png 319 167 421 303
./aligned_img\Ron\440_270_1675667362.5935287.png 610 361 630 390
./aligned_img\Ron\440_283_1675058088.1154146.png 311 241 437 409
./aligned_img\Ron\450_101_1676271331.7437968.png 315 168 420 305
./aligned_img\Ron\450_267_1675667362.9285753.png 328 192 457 353
./aligned_img\Ron\450_284_1675058088.4544013.png 308 247 429 406
./aligned_img\Ron\460_255_1675667363.2503893.png 329 199 464 378
./aligned_img\Ron\460_280_1675058088.7932184.png 302 244 426 411
./aligned_img\Ron\460_86_1676271332.1317496.png 315 170 426 318
./aligned_img\Ron\470_260_1675667363.5864587.png 331 205 469 388
./aligned_img\Ron\470_287_1675058089.1073093.png 301 243 423 409
./aligned_img\Ron\470_89_1676271332.4698436.png 313 168 425 322
./aligned_img\Ron\480_262_1675667363.922689.png 328 205 470 399
./aligned_img\Ron\480_286_1675058089.4440136.png 299 244 418 416
./aligned_img\Ron\480_95_1676271332.7845051.png 313 164 429 320
./aligned_img\Ron\490_101_1676271333.096224.png 312 163 428 318
./aligned_img\Ron\490_256_1675667364.2572887.png 332 208 472 400
./aligned_img\Ron\490_285_1675058089.7831237.png 277 249 400 413
./aligned_img\Ron\500_246_1675667364.5775318.png 326 230 473 422
./aligned_img\Ron\500_283_1675058090.1216488.png 261 249 386 418
./aligned_img\Ron\50_113_1676271317.1809745.png 321 196 409 309
./aligned_img\Ron\50_260_1675667349.5878825.png 331 188 469 374
./aligned_img\Ron\50_271_1675058075.106731.png 304 235 439 423
./aligned_img\Ron\510_244_1675667364.9123333.png 330 268 476 445
./aligned_img\Ron\510_280_1675058090.4467015.png 240 250 360 420
./aligned_img\Ron\520_240_1675667365.2504048.png 609 362 630 390
./aligned_img\Ron\520_277_1675058090.7703824.png 212 256 348 432
./aligned_img\Ron\530_247_1675667365.5867612.png 337 308 505 494
./aligned_img\Ron\530_274_1675058091.1066296.png 209 259 333 415
./aligned_img\Ron\540_235_1675667365.9214354.png 332 266 479 446
./aligned_img\Ron\540_268_1675058091.4434578.png 245 257 369 416
./aligned_img\Ron\550_250_1675667366.2417011.png 335 208 474 398
./aligned_img\Ron\550_267_1675058091.7834427.png 301 247 424 415
./aligned_img\Ron\560_257_1675058092.098422.png 340 245 468 419
./aligned_img\Ron\560_268_1675667366.578222.png 329 200 470 388
./aligned_img\Ron\570_263_1675667366.9144583.png 334 198 476 396
./aligned_img\Ron\580_259_1675667367.2503326.png 341 206 485 399
./aligned_img\Ron\590_266_1675667367.5852258.png 355 206 495 394
./aligned_img\Ron\60_114_1676271317.5161402.png 323 194 412 309
./aligned_img\Ron\60_260_1675667349.9215336.png 333 188 475 376
./aligned_img\Ron\60_268_1675058075.4429069.png 305 241 431 411
./aligned_img\Ron\70_129_1676271317.9053116.png 320 190 410 306
./aligned_img\Ron\70_257_1675667350.2578418.png 330 186 467 378
./aligned_img\Ron\70_276_1675058075.7814138.png 298 246 421 410
./aligned_img\Ron\80_137_1676271318.2696197.png 320 182 414 306
./aligned_img\Ron\80_258_1675667350.5773785.png 321 189 459 371
./aligned_img\Ron\80_284_1675058076.1198163.png 299 245 417 408
./aligned_img\Ron\90_140_1676271318.6412199.png 343 191 430 310
./aligned_img\Ron\90_262_1675667350.9164834.png 306 190 448 372
./aligned_img\Ron\90_283_1675058076.4332316.png 293 242 420 411
./aligned_img\Ron\IMG-20230123-WA0006.png 356 540 879 1263
./aligned_img\Ron\IMG-20230123-WA0007.png 133 649 692 1417
./aligned_img\Ron\IMG-20230123-WA0008.png 348 587 922 1391
./aligned_img\Ron\IMG-20230123-WA0009.png 386 738 907 1418
./aligned_img\Ron\IMG-20230123-WA0010.png 497 674 1027 1418
