./aligned_img\Brian\0_226_1675057777.1208827.png 207 247 329 405
./aligned_img\Brian\100_218_1675057780.6138341.png 224 243 362 426
./aligned_img\Brian\10_208_1675057777.6250083.png 214 254 352 435
./aligned_img\Brian\110_207_1675057780.947917.png 254 246 388 430
./aligned_img\Brian\120_206_1675057781.2838182.png 285 264 410 440
./aligned_img\Brian\130_208_1675057781.6547384.png 246 253 384 428
./aligned_img\Brian\140_208_1675057781.9715343.png 183 261 311 429
./aligned_img\Brian\150_214_1675057782.279652.png 160 255 278 426
./aligned_img\Brian\160_213_1675057782.6114247.png 172 259 291 422
./aligned_img\Brian\170_212_1675057782.948707.png 204 244 335 409
./aligned_img\Brian\180_218_1675057783.2887197.png 227 242 365 413
./aligned_img\Brian\190_214_1675057783.633983.png 230 235 361 398
./aligned_img\Brian\200_227_1675057783.9700053.png 237 222 350 345
./aligned_img\Brian\210_231_1675057784.2798283.png 237 224 354 342
./aligned_img\Brian\220_213_1675057784.6153924.png 223 245 355 410
./aligned_img\Brian\230_209_1675057784.9568877.png 228 319 364 481
./aligned_img\Brian\240_206_1675057785.3006134.png 220 339 356 494
./aligned_img\Brian\250_210_1675057785.6358335.png 226 275 361 445
./aligned_img\Brian\260_216_1675057785.9727268.png 224 242 361 411
./aligned_img\Brian\270_219_1675057786.2786973.png 222 240 357 406
./aligned_img\Brian\40_202_1675057778.6148016.png 222 242 359 427
./aligned_img\Brian\50_202_1675057778.9462414.png 224 242 361 419
./aligned_img\Brian\60_201_1675057779.291351.png 222 243 357 423
./aligned_img\Brian\70_211_1675057779.6214645.png 224 243 360 422
./aligned_img\Brian\80_207_1675057779.9579709.png 222 240 362 422
./aligned_img\Brian\90_213_1675057780.275739.png 232 246 367 424
./aligned_img\Ron\0_271_1675058073.3940256.png 295 254 431 436
./aligned_img\Ron\1.png 143 98 300 311
./aligned_img\Ron\100_281_1675058076.7717848.png 296 250 414 405
./aligned_img\Ron\10_282_1675058073.8144572.png 309 246 445 438
./aligned_img\Ron\110_285_1675058077.1064763.png 291 242 413 410
./aligned_img\Ron\120_286_1675058077.4456341.png 289 246 407 403
./aligned_img\Ron\130_292_1675058077.7790701.png 289 245 408 406
./aligned_img\Ron\140_285_1675058078.100077.png 296 244 414 404
./aligned_img\Ron\150_277_1675058078.4368694.png 304 244 427 408
./aligned_img\Ron\160_278_1675058078.7704341.png 317 247 435 395
./aligned_img\Ron\170_278_1675058079.1067123.png 323 242 442 404
./aligned_img\Ron\180_279_1675058079.4448504.png 335 241 457 412
./aligned_img\Ron\190_283_1675058079.793876.png 349 246 458 407
./aligned_img\Ron\200_282_1675058080.0992222.png 343 245 452 408
./aligned_img\Ron\20_272_1675058074.1408763.png 308 253 441 431
./aligned_img\Ron\210_283_1675058080.4451096.png 336 242 460 415
./aligned_img\Ron\220_275_1675058080.7823691.png 325 238 451 412
./aligned_img\Ron\230_279_1675058081.1220534.png 316 245 434 406
./aligned_img\Ron\240_290_1675058081.4630406.png 305 244 424 409
./aligned_img\Ron\250_288_1675058081.7940562.png 304 244 422 406
./aligned_img\Ron\260_288_1675058082.09856.png 301 241 422 396
./aligned_img\Ron\270_294_1675058082.4452713.png 298 244 416 386
./aligned_img\Ron\280_302_1675058082.7864635.png 309 251 414 368
./aligned_img\Ron\290_307_1675058083.1235597.png 309 251 402 360
./aligned_img\Ron\300_308_1675058083.4589758.png 305 248 406 363
./aligned_img\Ron\30_270_1675058074.479124.png 315 246 448 428
./aligned_img\Ron\310_296_1675058083.8140316.png 299 245 417 388
./aligned_img\Ron\320_288_1675058084.1048622.png 295 237 416 386
./aligned_img\Ron\330_282_1675058084.4501834.png 301 242 426 411
./aligned_img\Ron\340_278_1675058084.786412.png 301 242 432 422
./aligned_img\Ron\350_278_1675058085.1219327.png 300 250 428 421
./aligned_img\Ron\360_284_1675058085.4612122.png 302 247 427 422
./aligned_img\Ron\370_284_1675058085.77726.png 301 254 429 429
./aligned_img\Ron\380_267_1675058086.1163695.png 304 273 431 442
./aligned_img\Ron\390_267_1675058086.4537406.png 296 285 433 458
./aligned_img\Ron\400_265_1675058086.7910733.png 313 311 438 463
./aligned_img\Ron\40_267_1675058074.7815738.png 312 251 444 427
./aligned_img\Ron\410_256_1675058087.1225057.png 312 294 445 466
./aligned_img\Ron\420_268_1675058087.4434628.png 313 250 443 432
./aligned_img\Ron\430_283_1675058087.7832808.png 315 244 439 411
./aligned_img\Ron\440_283_1675058088.1154146.png 311 241 437 409
./aligned_img\Ron\450_284_1675058088.4544013.png 308 247 429 406
./aligned_img\Ron\460_280_1675058088.7932184.png 302 244 426 411
./aligned_img\Ron\470_287_1675058089.1073093.png 301 243 423 409
./aligned_img\Ron\480_286_1675058089.4440136.png 299 244 418 416
./aligned_img\Ron\490_285_1675058089.7831237.png 277 249 400 413
./aligned_img\Ron\500_283_1675058090.1216488.png 261 249 386 418
./aligned_img\Ron\50_271_1675058075.106731.png 304 235 439 423
./aligned_img\Ron\510_280_1675058090.4467015.png 240 250 360 420
./aligned_img\Ron\520_277_1675058090.7703824.png 212 256 348 432
./aligned_img\Ron\530_274_1675058091.1066296.png 209 259 333 415
./aligned_img\Ron\540_268_1675058091.4434578.png 245 257 369 416
./aligned_img\Ron\550_267_1675058091.7834427.png 301 247 424 415
./aligned_img\Ron\560_257_1675058092.098422.png 340 245 468 419
./aligned_img\Ron\60_268_1675058075.4429069.png 305 241 431 411
./aligned_img\Ron\70_276_1675058075.7814138.png 298 246 421 410
./aligned_img\Ron\80_284_1675058076.1198163.png 299 245 417 408
./aligned_img\Ron\90_283_1675058076.4332316.png 293 242 420 411
./aligned_img\Ron\IMG-20230123-WA0006.png 356 540 879 1263
./aligned_img\Ron\IMG-20230123-WA0007.png 133 649 692 1417
./aligned_img\Ron\IMG-20230123-WA0008.png 348 587 922 1391
./aligned_img\Ron\IMG-20230123-WA0009.png 386 738 907 1418
./aligned_img\Ron\IMG-20230123-WA0010.png 497 674 1027 1418
